69
75
84
79
72
69
93
91
72
76
69
71
60
63
67
58
63
61
65
66
62
66
67
61
63
61
78
62
60
59
75
65
64
60
60
63
62
68
63
61
66
70
60
56
56
54
54
54
79
68
55
55
56
56
67
58
62
60
62
70
60
55
55
57
57
56
57
56
84
100
83
89
75
89
90
88
96
89
86
86
85
86
75
88
92
66
100
89
98
90
74
88
94
89
86
93
83
86
84
84
91
83
84
93
91
93
91
85
102
88
89
90
90
84
87
85
110
87
96
106
96
97
88
117
108
89
79
77
106
79
80
99
85
88
97
97
77
83
112
75
107
96
92
86
81
83
107
79
73
75
68
80
69
77
93
69
91
85
93
83
100
83
91
92
79
89
92
71
72
88
68
98
68
101
97
74
85
80
62
58
54
51
56
53
56
54
57
57
64
60
58
57
56
56
55
54
55
53
52
55
97
67
58
57
54
56
53
52
59
76
66
62
62
62
52
53
50
51
50
52
52
51
80
73
95
88
67
62
64
61
57
60
56
55
54
53
53
54
52
53
52
51
51
56
54
59
56
79
74
70
65
58
57
54
54
54
54
65
99
91
66
85
63
64
61
67
