58
59
97
71
61
57
58
60
56
56
99
65
88
68
66
67
65
79
87
76
81
79
67
84
63
63
62
93
91
84
92
120
127
112
120

107
78
90
89
88
84
85
85
84
84
93
84
86
84
113
93
94
88
86
93
98
96
91
95
83
87
87
90
105
87
88
86
82
84
93
84
92
91
81
89
89
82
86
84
86
80
83
95
86
78
76
78
84
83
81
84

89
111
99
88
85
99
93
89
99
89
96
95
88
84
89
115
83
74
91
93
93
94
71
80
98
74
62
79
84
104

89
93
79
79
71
NO SIGNAL
71
78
91
88
79
81
76
90
84
84
94
90
76
83
81
83
NO SIGNAL
73
97
109
112
86
96
118
120
88
88
