85
60
59
56
57
57
62
66
64
63
67
62
60
57
55
61
62
72
66
61
63
65
62
64
73
68
65
64
63
66
62
63
68
68
64
64
64
65
60
86
98
97
89
101
68
91
94
90
78
112
88
91
99
100
80
93
86
98
92
86
93
94
88
89
98
98
79
68
85
84
99
118
80
98
74
93
86
84
67
73
86
92
67
90
85
84
94
79
91
71
86
91
86
62
91
78
101
75
65
89
89
112
67
74
76
93
84
82
68
97
72
87
99
88
86
86
76
89
89
85
88
74
94
79
83
83
103
85
73
106
109
92
78
95
85
92
96
86
88
88
82
93
94
88
94
87
90
83
90
89
88
86
109
68
117
93
91
84
65
977978
78
82
87
84
95
89
85
84
66
69
77
86
85
83
87
95
86
78
100
90
86
97
92
73
86
103
85
87
84
87
88
85
86
93
97
87
91
79
94
86
86
84
84
84
88
86
88
88
92
91
93
73
85
86
94
75
76
85
83
89
90
86
79
89
87
91
73
93
76
86
86
86
84
84
95
7310691
93
86
84
109
85
79
86
86
94
84
83
94
83
85
68
90
91
78
80
89
98
71
66
60
8563
